1 21.513914108276367
2 20.10758399963379
3 18.817678451538086
4 17.130334854125977
5 15.809637069702148
6 14.548613548278809
7 13.421027183532715
8 12.223543167114258
9 11.759464263916016
10 11.318591117858887
11 12.226563453674316
12 12.127696990966797
13 11.358891487121582
14 12.078228950500488
15 12.329442977905273
16 11.827688217163086
17 11.988799095153809
18 11.304590225219727
19 11.058959007263184
20 10.840925216674805
21 10.235641479492188
22 10.368034362792969
23 9.650548934936523
24 9.371362686157227
25 10.203333854675293
26 9.954182624816895
27 10.003758430480957
28 9.789607048034668
29 10.218331336975098
30 10.99613094329834
31 12.041934967041016
32 13.437334060668945
33 14.941428184509277
34 15.310617446899414
35 16.19247817993164
36 16.524518966674805
37 17.612070083618164
38 17.221633911132812
39 16.096107482910156
40 16.72377586364746
41 16.6385498046875
42 16.15326499938965
43 14.789019584655762
44 14.189764976501465
45 14.284440994262695
46 13.856067657470703
47 12.89654541015625
48 12.893707275390625
49 12.625786781311035
50 13.30732250213623
51 13.194469451904297
52 13.595598220825195
53 13.893689155578613
54 13.554473876953125
55 14.124204635620117
56 15.603805541992188
57 15.633500099182129
58 15.886578559875488
59 16.261735916137695
60 16.057613372802734
61 16.440814971923828
62 20.327749252319336
63 19.069210052490234
64 18.794818878173828
65 17.766204833984375
66 17.264387130737305
67 17.256046295166016
68 16.098222732543945
69 14.966598510742188
70 13.852110862731934
71 13.19059944152832
72 12.56283950805664
73 12.381000518798828
74 12.636032104492188
75 12.24288558959961
76 11.772954940795898
77 12.009074211120605
78 13.359375953674316
79 13.491050720214844
80 11.874799728393555
81 11.62193489074707
82 10.014894485473633
83 10.05960464477539
84 9.612483024597168
85 9.601259231567383
86 9.362874031066895
87 10.429405212402344
88 10.53632640838623
89 9.326277732849121
90 9.892361640930176
91 8.655511856079102
92 8.55270004272461
93 9.601521492004395
94 9.891830444335938
95 9.0265474319458
96 8.183838844299316
97 7.178256988525391
98 7.631181240081787
99 7.949462413787842
100 8.85720157623291
101 10.390331268310547
102 12.005443572998047
103 13.26511001586914
104 12.704442977905273
105 12.283001899719238
106 14.68109130859375
107 14.756348609924316
108 13.124017715454102
109 14.694208145141602
110 16.40716552734375
111 15.50643539428711
112 14.798213958740234
113 13.886930465698242
114 13.39288330078125
115 13.060728073120117
116 12.806809425354004
117 12.909369468688965
118 13.501127243041992
119 14.861175537109375
120 16.22597885131836
