1 17.74965476989746
2 16.539037704467773
3 15.016580581665039
4 13.796931266784668
5 11.368792533874512
6 11.4928560256958
7 11.499795913696289
8 9.62497615814209
9 8.636364936828613
10 7.612987041473389
11 9.286659240722656
12 10.511812210083008
13 9.730459213256836
14 9.804380416870117
15 8.043231964111328
16 7.974496841430664
17 6.690526008605957
18 5.6773786544799805
19 5.7545037269592285
20 5.7163472175598145
21 5.076261043548584
22 5.449769973754883
23 6.357483863830566
24 6.519754409790039
25 6.37477445602417
26 6.855655670166016
27 7.560688495635986
28 7.631438255310059
29 7.698354721069336
30 8.643719673156738
31 8.991534233093262
32 9.21142864227295
33 9.382743835449219
34 8.328483581542969
35 7.7309794425964355
36 8.021601676940918
37 8.129630088806152
38 7.327602863311768
39 6.782618045806885
40 7.112263202667236
41 7.4574360847473145
42 6.853192329406738
43 6.261357307434082
44 7.059098720550537
45 7.0331621170043945
46 6.614441871643066
47 6.4877800941467285
48 6.458992958068848
49 5.628967761993408
50 5.059554576873779
51 4.975862979888916
52 5.060199737548828
53 5.1487884521484375
54 5.00709867477417
55 4.8774614334106445
56 5.107833385467529
57 5.251780033111572
58 6.154324054718018
59 7.7537970542907715
60 7.802333354949951
61 8.354578018188477
62 9.481719970703125
63 9.827301025390625
64 10.727739334106445
65 11.324697494506836
66 10.449353218078613
67 10.686838150024414
68 10.897405624389648
69 9.843153953552246
70 10.474177360534668
71 10.312830924987793
72 10.89685344696045
73 9.881277084350586
74 8.472293853759766
75 9.232396125793457
76 9.748600006103516
77 8.6602144241333
78 7.591060638427734
79 8.299290657043457
80 8.833817481994629
81 7.841289520263672
82 7.2177205085754395
83 8.228706359863281
84 7.54862117767334
85 7.787139892578125
86 7.734818458557129
87 7.48552131652832
88 7.630061626434326
89 7.807947158813477
90 7.810093879699707
91 7.400080680847168
92 7.5422821044921875
93 7.422178745269775
94 8.051924705505371
95 9.414109230041504
96 9.78527545928955
97 9.518689155578613
98 9.130748748779297
99 9.159329414367676
100 8.81544303894043
101 8.76724910736084
102 8.570161819458008
103 8.981704711914062
104 8.408407211303711
105 7.260953426361084
106 7.87802267074585
107 9.57190227508545
108 9.929854393005371
109 11.635080337524414
110 12.308286666870117
111 12.411145210266113
112 12.799851417541504
113 13.778851509094238
114 14.810757637023926
115 15.469376564025879
116 16.681299209594727
